0
0.01196775
0.02324602
0.03321112
0.04136216
0.04736216
0.05105855
0.05248176
0.051824
0.04940278
0.0456157
0.04089308
0.03565485
0.03027598
0.02506328
0.02024387
0.01596439
0.01229839
0.009259267
0.006815532
0.004906317
0.003455109
0.002380782
0.001605522
0.001059812
0.0006848951
0.0004333725
0.0002685302
0.0001629544
9.68551E-05
5.638961E-05
3.216107E-05
1.796997E-05
9.837325E-06
5.276492E-06
2.773159E-06
1.428194E-06
7.207789E-07
3.564812E-07
1.727858E-07
8.207876E-08
3.821379E-08
1.743762E-08
7.799139E-09
3.419075E-09
1.469207E-09
6.188428E-10
2.555112E-10
1.034141E-10
4.102979E-11
1.595787E-11
6.084348E-12
2.274175E-12
8.333178E-13
2.993502E-13
1.054234E-13
3.639892E-14
1.23208E-14
4.088784E-15
1.33032E-15
4.243567E-16
1.327158E-16
4.069447E-17
1.223411E-17
3.606101E-18
1.042157E-18
2.953008E-19
8.204127E-20
2.234821E-20
5.968908E-21
1.563124E-21
4.013664E-22
1.010508E-22
2.494553E-23
6.038116E-24
1.433068E-24
3.334988E-25
7.60996E-26
1.702693E-26
3.735555E-27
8.036033E-28
1.69511E-28
3.506124E-29
7.110955E-30
1.414164E-30
2.757725E-31
5.273266E-32
9.887516E-33
1.817921E-33
3.277486E-34
5.79419E-35
1.004443E-35
1.707443E-36
2.8461E-37
4.652055E-38
7.456319E-39
1.171909E-39
1.806162E-40
2.729729E-41
4.045549E-42
5.871441E-43
