99.79236
44.64477
99.99999
94.2697
68.01582
97.81046
88.71945
99.60854
96.72649
100
100
99.43249
83.99773
100
99.81826
90.81633
99.67789
73.48448
99.18176
43.82284
62.71006
100
57.46209
62.78374
43.98389
99.79186
93.05864
41.05806
30.79777
89.96457
44.9475
42.40253
93.16147
67.59951
55.46468
48.4298
49.28606
70.78542
49.35298
75.03621
58.54293
62.36653
84.0713
75.73809
44.62269
85.12122
100
93.07122
45.6192
88.52805
99.79227
44.59026
99.99999
94.23709
68.25475
97.78793
100
99.58566
96.7906
100
100
99.44038
84.02107
100
99.82526
92.29432
99.67391
72.87733
98.19221
43.84419
62.28289
100
57.45048
51.21897
51.91885
99.79916
93.12615
41.03936
31.38749
89.97155
38.23132
42.31549
93.23106
76.10307
57.12741
49.004
49.27563
100
49.36656
75.13116
58.55251
62.37267
84.10175
75.72396
45.61003
85.17892
99.99999
93.04616
45.6204
92.02298
99.79636
44.5481
99.99999
94.20911
68.37855
97.76005
100
99.56185
96.84166
100
100
99.39413
84.01927
99.99999
99.78425
92.5933
99.70066
72.23489
95.35987
43.79376
62.40566
100
57.43668
54.54261
55.00364
99.80603
100
41.02372
33.19032
89.97939
35.64965
42.26028
93.28479
79.9809
57.97169
49.67091
49.26966
100
49.37922
75.16605
58.56352
62.34475
84.13194
75.71267
45.814
85.23401
99.8594
93.02737
45.6209
93.27042
